40 30
1 2 2 1 1 2 2 2 2 1 1 2 1 1 1 2 2 4 4 4 4 4 4 4 4 4 4 4 4 4 4 4 4 4 4 4 4 4 4 4
0 0 0 0 0 0 0 0 0 0 0 0 0 0 0 0 0 2 1 1 2 2 1 2 2 2 2 1 1 2 1 2 2 2 1 2 1 1 1 1
0 0 0 0 4 0 0 0 0 0 0 0 0 0 0 0 0 0 0 0 0 0 0 0 0 0 0 0 0 0 0 0 0 0 0 0 0 0 0 0
0 0 0 0 4 4 4 4 4 0 4 4 4 4 4 0 0 0 0 0 0 0 0 0 0 0 0 0 0 0 0 0 0 0 0 0 0 0 0 0
4 4 4 4 4 0 0 0 0 0 4 4 4 4 4 0 0 4 4 4 4 0 0 0 0 0 0 0 0 0 0 0 0 0 0 0 0 0 0 0
4 4 4 4 4 0 0 0 0 0 4 4 4 4 4 0 0 4 4 4 4 4 4 4 4 4 4 4 4 4 4 4 4 4 4 4 4 4 4 4
4 4 4 4 4 0 0 0 0 0 4 4 4 4 4 0 0 4 4 4 4 4 1 1 1 2 1 1 2 1 1 2 2 1 1 1 1 2 2 1
4 4 4 4 4 4 4 4 4 4 4 4 4 4 4 0 0 4 4 4 4 4 0 0 0 0 0 0 0 0 0 0 0 0 0 0 0 0 0 0
4 4 4 4 10 1 2 1 2 1 1 4 4 4 4 0 0 4 4 4 4 4 0 0 0 0 0 0 0 0 0 0 0 0 0 0 0 0 0 0
4 4 4 4 5 0 0 0 0 0 0 4 4 4 4 0 0 4 4 4 4 4 0 0 4 4 4 0 0 4 4 4 4 4 4 0 0 0 0 0
4 4 4 4 0 0 0 0 0 0 0 0 0 0 0 0 0 0 0 0 0 0 0 0 4 4 4 0 0 4 4 4 4 4 4 0 0 0 0 0
4 4 4 4 0 0 0 0 0 0 0 0 0 0 0 0 0 0 0 0 0 0 0 0 4 4 4 0 0 4 4 4 4 4 4 4 4 4 4 4
4 4 4 4 4 4 4 4 4 4 4 4 4 4 4 4 4 4 4 4 4 0 0 0 4 4 4 0 0 4 4 4 4 4 4 4 4 4 4 4
4 4 1 1 1 1 1 1 1 1 1 4 4 4 4 4 4 4 4 4 4 0 0 0 0 4 4 0 0 1 1 1 2 2 1 2 1 1 4 4
4 0 0 0 0 0 0 0 0 0 0 4 4 4 4 4 4 4 4 4 4 0 0 0 0 4 4 0 0 0 0 0 0 0 0 0 0 5 11 4
4 0 0 0 0 0 0 0 0 0 0 0 2 2 2 2 2 2 2 2 2 0 0 0 0 4 4 0 0 0 0 0 0 0 0 0 0 0 4 4
4 0 0 4 0 0 0 0 3 0 0 0 0 0 0 0 0 0 0 0 0 0 0 0 0 4 4 0 0 0 0 0 0 0 0 0 0 0 4 4
4 0 0 4 0 3 0 0 0 0 0 4 4 4 4 4 4 4 4 4 4 0 0 0 0 4 4 4 4 4 4 4 4 4 4 4 4 4 4 4
4 0 0 4 0 0 0 0 0 0 0 4 4 4 4 4 4 4 4 4 4 0 0 0 0 4 1 1 2 1 2 1 2 1 2 2 1 1 2 2
4 0 0 4 4 4 4 4 4 4 4 4 4 4 4 4 4 4 4 4 4 0 0 0 0 4 0 0 0 0 0 0 0 0 0 0 0 0 0 0
4 0 0 4 4 4 4 4 4 4 4 4 4 4 4 4 4 4 4 4 4 0 0 0 0 4 0 0 3 3 3 3 3 3 3 3 3 3 3 0
4 0 0 2 1 1 1 2 1 1 1 2 2 1 1 1 1 2 1 1 4 0 0 0 0 4 0 0 0 0 0 0 0 0 0 0 0 0 0 0
4 0 0 0 0 0 0 0 0 0 0 0 0 0 0 0 0 0 0 0 0 0 0 0 0 12 0 0 0 0 0 0 0 0 0 0 0 0 0 0
4 0 4 4 4 4 4 4 4 4 0 0 0 0 0 0 0 0 0 0 0 0 0 0 0 0 0 0 0 0 0 0 0 0 0 0 0 0 0 0
4 0 2 2 2 2 2 4 4 4 4 4 4 4 4 0 0 4 4 4 4 4 4 4 4 4 0 0 3 3 3 3 3 3 3 3 3 3 3 0
4 0 0 0 0 0 4 4 4 4 4 4 4 4 4 0 0 4 4 4 4 4 4 4 4 4 0 0 0 0 0 0 0 0 0 0 0 0 0 0
4 0 0 0 3 0 4 4 4 4 4 1 1 2 1 0 0 4 4 4 4 4 4 4 4 4 4 4 4 4 4 4 4 4 4 4 4 4 4 4
4 0 0 0 0 0 4 4 4 4 4 0 0 0 0 0 0 4 4 4 4 4 4 4 4 4 4 4 4 4 4 4 4 4 4 4 4 4 4 4
4 0 0 0 0 0 4 4 4 4 9 5 0 0 0 0 0 4 4 4 4 4 4 4 4 4 4 4 4 4 4 4 4 4 4 4 4 4 4 4
4 0 0 0 0 0 4 4 4 4 4 4 4 4 4 4 4 4 4 4 4 4 4 4 4 4 4 4 4 4 4 4 4 4 4 4 4 4 4 4