40 27
0 0 0 0 0 0 4 3 0 0 0 0 0 0 0 0 0 0 0 4 -1 -1 -1 3 0 0 0 0 0 0 0 0 0 0 4 -1 -1 -1 -1 -1
0 0 0 0 0 0 18 19 0 0 0 0 0 0 0 0 0 0 0 4 -1 -1 -1 3 0 0 0 0 0 0 0 0 0 0 4 -1 -1 -1 -1 -1
0 0 0 0 0 0 0 0 0 0 0 0 0 0 0 0 0 0 0 4 -1 -1 -1 3 0 0 0 0 0 0 0 0 0 0 4 -1 -1 -1 -1 -1
16 0 17 1 1 1 1 16 0 0 0 0 0 0 0 0 0 0 0 4 -1 -1 -1 3 0 0 0 0 0 0 0 0 0 0 4 -1 -1 -1 -1 -1
3 0 4 -1 -1 -1 -1 3 0 0 0 0 0 0 0 0 0 0 0 4 -1 -1 -1 3 0 0 0 0 0 0 0 0 0 0 4 -1 -1 -1 -1 -1
3 0 4 -1 -1 -1 -1 7 1 1 1 1 1 1 1 1 1 1 1 8 -1 -1 -1 3 0 0 0 0 0 0 0 0 0 0 4 -1 -1 -1 -1 -1
3 0 4 5 2 2 2 2 2 2 6 5 2 2 2 2 2 2 2 6 -1 -1 -1 7 1 1 1 1 16 0 17 1 1 1 8 5 2 2 2 2
3 0 4 3 0 0 0 0 0 0 4 3 0 0 0 0 0 0 0 4 5 2 2 2 2 2 6 -1 3 0 4 -1 -1 5 2 19 0 0 0 0
3 0 4 3 0 0 0 0 0 0 4 3 0 0 0 0 0 0 0 4 3 0 0 0 0 0 4 -1 3 0 4 -1 -1 3 0 0 0 0 0 0
3 0 18 19 0 0 0 0 0 0 4 3 0 0 0 0 0 0 0 4 3 0 0 0 0 0 18 2 19 0 18 2 2 19 0 0 0 0 0 0
3 0 0 0 0 0 0 0 0 0 4 3 0 0 0 0 0 0 0 4 3 0 0 0 0 0 0 0 0 0 0 0 0 0 0 0 0 0 0 0
7 1 1 16 0 0 0 0 0 17 8 3 0 0 0 0 0 0 0 4 3 0 0 0 0 0 17 1 1 1 1 1 1 16 0 0 0 0 0 0
9 9 -1 3 0 0 0 0 0 4 -1 3 0 17 1 1 1 1 1 8 3 0 0 0 0 0 4 -1 -1 -1 -1 -1 -1 7 1 16 0 17 1 1
9 9 -1 7 1 1 1 16 0 4 -1 3 0 4 -1 -1 -1 -1 9 9 3 0 0 0 0 0 4 -1 -1 -1 -1 -1 -1 -1 -1 3 0 4 -1 -1
9 9 -1 -1 -1 -1 -1 3 0 18 2 19 0 18 2 2 2 2 2 6 7 1 16 0 17 1 8 -1 -1 -1 5 2 2 2 2 19 0 4 -1 -1
5 2 2 2 2 6 9 3 0 0 0 0 0 0 0 0 0 0 0 4 -1 -1 3 0 4 -1 -1 -1 -1 -1 3 0 0 0 0 0 0 4 -1 -1
3 0 0 0 0 18 6 7 1 1 1 1 1 16 0 0 0 0 0 4 5 2 19 0 18 2 2 2 2 6 3 0 0 0 0 0 0 4 -1 -1
3 0 0 0 0 0 18 6 -1 -1 -1 -1 -1 3 0 0 0 0 0 4 3 0 0 0 0 0 0 0 0 4 3 0 0 0 0 0 0 4 -1 -1
3 0 0 0 0 0 0 4 -1 -1 -1 -1 -1 3 0 0 0 0 0 4 3 0 0 0 0 0 0 0 0 4 3 0 0 0 0 0 0 4 -1 -1
3 0 0 0 0 0 0 4 -1 -1 -1 -1 -1 3 0 17 1 1 1 8 3 0 0 0 0 0 0 0 0 4 3 0 0 0 0 0 0 4 -1 -1
7 1 1 1 1 16 0 18 2 2 2 2 2 19 0 18 6 -1 9 9 3 0 0 0 0 0 0 0 0 4 7 1 16 0 17 1 1 8 -1 -1
9 9 -1 -1 -1 3 0 0 0 0 0 0 0 0 0 0 4 -1 9 9 3 0 17 1 1 1 1 1 1 8 5 2 19 0 18 2 2 2 6 -1
9 9 -1 5 2 19 0 17 1 1 16 0 0 0 0 0 18 2 2 2 19 0 18 2 6 -1 9 9 9 5 19 0 0 0 0 0 0 0 4 -1
9 9 -1 3 0 0 0 18 2 6 3 0 0 0 0 0 0 0 0 0 0 0 0 0 4 -1 -1 -1 -1 3 0 0 0 0 0 0 0 0 4 -1
9 9 -1 3 0 0 0 0 0 4 3 0 0 0 0 0 17 1 16 0 0 0 0 0 4 -1 -1 -1 -1 3 0 0 0 0 0 0 0 0 4 -1
9 9 9 3 0 0 0 0 0 4 7 1 1 1 1 1 8 9 3 0 0 0 0 0 4 -1 -1 -1 -1 3 0 0 0 0 0 0 0 0 4 -1
9 9 9 3 0 0 17 1 1 8 9 9 9 9 9 9 9 9 3 0 0 0 0 0 4 -1 -1 -1 -1 3 0 0 0 0 0 0 0 0 4 -1